1250,637,281,580,51,204
2500,374,834,450,398,782,393,70,365,670,394
3750,57,341,566,878,282,604,461,659,54,903,612,265,156,13,416
5000,215,736,769,941,546,127,77,316,140,726,711,4,921,452,673,784,748,980,606,177
6250,293,280,675,951,922,799,991,162,46,386,721,757,637,322,614,952,109,744,750,580,819,115,174,89,617
7500,533,378,665,675,498,368,634,547,947,316,739,824,561,320,685,601,338,33,441,510,375,267,435,53,532,717,272,638,54,406
8750,809,222,514,508,666,686,21,641,83,826,30,272,386,672,634,989,197,278,565,219,524,411,510,104,738,835,539,782,48,317,480,744,599,899,886
10000,59,277,1,202,145,946,542,476,863,898,337,115,234,996,664,757,312,733,875,498,35,854,285,249,33,216,884,962,9,353,595,817,377,366,675,355,275,402,995,636
11250,785,488,134,272,745,491,867,643,294,772,676,286,149,166,850,408,710,800,696,911,196,901,620,279,228,583,954,980,536,647,850,602,784,716,913,157,704,944,777,553,257,816,953,565,102
12500,965,664,362,923,678,729,440,353,509,981,719,225,873,33,522,399,72,551,507,445,90,700,110,951,383,465,703,381,645,585,834,936,288,380,517,360,502,295,743,130,859,916,822,851,785,859,452,369,300,612
13750,294,285,225,948,39,670,787,820,276,293,374,646,469,159,768,514,667,310,973,278,923,343,980,904,345,413,667,331,440,239,112,845,317,123,78,641,800,331,653,553,144,765,887,870,163,504,243,432,487,29,777,266,772,214,829
15000,760,601,432,576,219,494,999,49,995,991,848,451,540,925,910,838,241,621,224,830,600,434,220,784,389,844,96,365,75,627,656,98,996,61,306,46,126,299,540,338,359,808,406,831,845,293,73,944,115,51,847,511,112,149,728,872,429,736,419,947
16250,863,418,28,544,422,260,350,696,173,459,146,576,327,587,108,22,88,403,60,733,944,993,5,513,132,957,251,752,191,49,144,158,777,93,110,861,504,844,28,757,771,735,331,603,405,865,985,428,41,729,335,418,739,632,891,741,114,9,879,895,423,326,913,580,448
17500,125,288,368,757,709,105,999,434,184,117,221,400,288,782,652,450,515,817,294,7,652,870,594,729,133,473,883,349,906,763,925,764,339,568,774,606,845,249,906,87,943,260,349,999,734,998,321,541,10,187,442,685,488,971,722,375,834,675,600,194,416,748,746,341,870,629,776,572,965,53
18750,402,880,982,697,310,338,993,64,431,758,359,859,682,308,893,80,845,296,804,412,431,468,995,388,526,109,378,739,461,346,658,271,501,26,822,408,308,590,356,426,196,2,851,28,844,813,794,637,360,440,109,558,799,894,603,375,824,181,121,954,154,88,282,160,272,798,981,90,453,459,796,363,750,682,647
20000,906,238,254,970,770,828,244,835,797,430,78,560,992,610,284,326,411,562,60,56,600,888,981,627,772,423,982,106,518,336,182,178,880,632,390,231,630,622,604,879,801,571,464,200,293,346,991,426,882,148,651,459,770,770,387,193,564,304,863,613,696,360,334,681,405,370,42,347,206,118,988,349,586,825,32,112,601,988,466,161
21250,545,8,536,456,105,406,824,379,19,894,727,986,995,648,488,312,601,549,328,857,407,763,616,690,773,586,503,613,547,851,138,833,182,613,195,53,880,417,617,381,675,420,15,563,119,747,435,592,172,7,843,488,637,869,547,343,215,175,806,518,53,727,801,857,16,438,454,722,61,471,246,685,896,838,733,355,936,707,90,468,387,265,248,898,956
22500,305,4,84,125,687,480,298,119,177,290,539,111,298,390,884,256,948,9,875,461,590,740,73,5,620,619,61,784,981,822,716,666,183,439,547,375,521,669,769,59,534,602,349,256,621,312,820,119,17,549,353,663,303,824,595,716,769,158,38,802,283,942,80,64,347,654,329,500,976,586,5,446,436,473,296,640,696,919,896,253,109,607,30,37,579,275,317,157,784,411
23750,600,520,199,285,489,406,559,363,195,498,914,535,238,5,34,584,776,195,12,23,648,58,69,328,686,652,72,951,931,655,2,924,296,950,634,955,987,928,381,47,79,633,848,690,695,809,18,594,934,559,656,299,239,175,181,175,618,718,307,812,20,918,592,404,990,137,771,632,856,696,435,593,514,134,206,274,159,731,458,377,858,187,865,767,468,866,393,60,248,36,664,512,496,407,671
25000,313,168,112,80,924,261,812,405,496,587,695,429,339,675,998,48,652,508,955,52,935,443,479,4,837,328,885,781,877,996,363,831,981,350,748,519,287,770,574,314,623,314,389,868,412,163,979,554,482,961,225,554,821,907,975,250,521,67,754,469,765,750,759,955,531,782,866,474,247,794,847,939,507,888,384,480,489,938,927,835,672,578,454,583,911,695,345,633,977,229,492,361,122,396,673,789,514,206,625,110
1250000,103129,219221,349371,203642,864736
2500000,711374,814642,226067,83810,271954,926641,760350,396386,978311,771826
3750000,99435,150046,455158,536084,430027,978267,894577,35401,681478,730575,477207,891633,357948,898602,367983
5000000,802907,24546,32711,276184,676324,821584,874751,447606,617730,735383,489055,644965,352232,235129,52090,109876,535840,757891,445598,145324
6250000,432008,79876,435569,329282,270248,270469,873965,56239,509162,537846,220626,762927,574932,574793,109657,748628,702353,99465,331452,516094,765753,359044,307266,123907,912167
7500000,22262,55698,166172,678771,342803,730779,180668,848327,211476,653097,940099,845177,579298,698948,728661,387911,904833,807789,380324,461425,834041,767617,385282,60755,195547,275337,396741,196735,636904,600128
8750000,58978,613010,229269,687565,862467,160250,555071,456278,568338,438133,533250,897184,726791,905857,218848,590543,876206,309266,703745,182470,88241,789797,341015,562878,69157,528796,742174,387728,250698,603626,475931,317462,912406,991703,798018
10000000,399733,915102,882538,595688,563682,841275,213475,271594,835078,526378,405508,602522,188734,240775,669342,38646,491692,381212,870564,846418,579023,89536,393210,93628,519980,347689,653251,777117,486018,82533,288504,243202,892768,222325,785670,272228,377006,942289,806960,994562
11250000,975460,523615,272716,253220,134211,546330,125180,846601,73652,974982,755081,306752,546677,780008,232154,77975,964465,60748,769837,557281,444135,262794,380640,361467,758864,32029,305915,757355,816877,193635,583677,442338,730271,338835,34182,830399,593725,362865,170758,977281,391295,505664,12300,602296,157575
12500000,544913,23057,776948,877643,281785,211281,261030,938289,156483,716227,920679,732523,144809,784172,762515,730442,993848,372765,862491,99110,984474,227,834813,868930,64197,133031,118404,374966,836481,488630,64250,229398,174838,497523,781528,555950,15701,681264,863186,806465,170732,883732,865981,612010,68561,273413,601016,544586,842779,264565
13750000,383314,806951,369535,147049,286368,795237,566670,13672,991301,232471,452727,511084,86517,147817,293468,713606,391333,453407,18572,631810,469957,32687,775716,168147,213278,540754,417069,305149,490421,676395,793926,9192,487638,121364,947894,881013,695825,466358,918679,605741,565657,652163,33005,818637,438821,892266,834560,596065,164651,976587,812444,33604,666972,606347,964112
15000000,478600,639194,132849,85640,874439,183398,692231,908754,764619,552047,753694,237344,471699,718257,814416,297011,340934,583427,915834,945755,685522,492155,81133,393462,222842,653290,143734,568094,352753,717815,984053,924877,278574,297724,427233,470199,374978,454079,340055,12379,244656,878631,57424,10018,264250,886335,828915,492424,888138,306991,921402,478489,22244,59476,703891,411225,646565,394869,43133,253304
16250000,31855,374421,322785,637767,873967,193509,685729,717006,805676,136997,312438,450383,665214,546262,31526,857541,704981,813324,965909,31635,990115,982647,511546,894582,39260,878897,438878,46404,86826,264835,926041,656783,230600,829000,427489,616892,759482,341776,623026,671678,274013,563801,539781,121655,774995,401156,747415,238000,383334,738763,206346,526978,240646,183445,497554,814428,749307,335005,362811,953510,105200,346629,513553,146032,181940
17500000,537862,294130,370032,788580,9793,833247,596256,409117,741022,893047,932085,408024,686899,270045,869846,454165,610852,811421,328632,968228,436345,139772,113160,718468,574227,759719,295272,962123,999089,448165,828881,948252,872902,969226,927249,112868,630804,238946,649281,672237,809090,891071,583873,303692,531992,702732,283490,665752,499305,351771,281119,320065,979555,688921,745631,142076,555174,673073,772860,420777,749313,726355,112454,800729,728852,671054,515548,724184,544081,591385
18750000,886004,931369,971171,249214,977171,786241,967739,510241,828887,295325,856894,342228,895498,549064,224878,175205,20069,157718,385719,995543,715968,268934,768900,135725,319678,207703,278543,969233,944825,366858,62638,760861,52639,693524,351709,297654,649554,975463,968357,871247,574182,844253,591066,702585,680739,663324,633900,211633,681185,337104,610524,200882,373675,335689,712679,708650,943156,140464,500263,283951,54579,561906,686026,11959,431496,21814,414730,761230,6212,366065,747643,624058,370433,194020,798364
20000000,721779,602041,60597,235991,532244,434519,813243,944128,550242,407361,65855,466042,807874,662522,849103,173491,841582,988197,404648,158340,980640,485996,282989,76512,749899,37447,968989,842908,520373,744462,784294,191799,234581,509892,983640,122874,337774,806526,525820,664019,283061,925926,499894,783611,937536,50888,972505,645866,415802,48740,286593,282570,414532,412364,192819,122940,488220,481799,437049,834059,760243,556643,681140,817004,643966,864736,301751,350515,247058,34530,668411,527383,978657,691373,323504,221922,290578,241000,615259,124193
21250000,721627,176029,608775,135031,797818,951196,606246,758704,296048,655618,94095,388335,959433,596830,540428,919308,277781,861170,129141,370325,870235,121792,302154,802812,374814,911742,317543,974759,298791,609354,523466,205116,801862,78699,297678,275032,107271,134328,844005,650818,946967,809235,196742,228042,405215,659979,667054,447629,529377,200711,405200,921934,733421,291169,997620,935410,538348,150890,47668,825572,819421,593216,143787,138341,679270,985164,85749,657836,151035,357252,619499,78993,632744,415518,160282,368287,467546,968517,578554,462026,988829,224036,430711,38946,504738
22500000,563099,552528,353221,410138,862245,130555,768115,414798,343410,496639,933253,956046,944484,894704,105996,828212,875693,422295,403908,273640,892130,535628,2961,378798,224867,410857,905895,314440,300704,921241,418140,293249,131204,138134,629738,610586,653061,274215,896509,884534,823732,535077,529635,905735,226186,330888,335934,965582,371756,472536,765059,679913,725893,777575,36397,363047,38041,749,596544,255561,485147,401336,188294,115467,683511,941720,445933,320955,765424,572258,966006,534002,524451,480344,839800,469747,632800,77338,597125,487274,310518,641810,23907,24563,516608,254634,250337,107784,140319,984512
23750000,61847,276331,492087,263235,643754,252586,524516,806138,686322,120892,3044,43488,415097,970606,841385,361746,705519,192946,492453,901662,505826,822977,485154,297045,930386,108966,274212,111064,744,865445,872687,83205,143473,319232,686940,350039,877076,901347,499579,124812,49121,914985,712410,540522,561994,191317,135310,289001,282942,499366,290736,835560,660325,299515,40784,300319,449562,606039,941009,765983,449637,99928,182034,916224,403785,908352,93172,426348,123918,693191,110501,632534,18548,349024,916289,30804,267014,820006,956663,119002,298078,123421,445222,557844,733132,296973,109499,948561,942112,834376,97419,533536,686712,847552,792420
25000000,928086,399379,713344,69366,449306,149011,434256,607926,832045,600015,202690,425783,154073,901147,8112,219121,346823,624696,639758,666335,577337,549541,164736,55522,256114,730782,949657,633994,326780,731895,690790,722996,967136,591843,802864,205407,184219,825328,428350,753151,650023,130904,930449,549935,516564,825759,798569,168348,262044,609239,578779,254894,646690,3959,924447,376627,31875,496049,851087,968889,600547,553326,210191,635565,47094,412645,487275,966659,60901,344604,984615,32780,121460,167662,508278,319708,118221,945711,686084,677423,468097,548230,869774,521996,578621,606537,29544,86221,369475,619459,124715,880029,401936,238515,821306,739884,949736,580731,474307,176753
1251,745,961,416,412,222
2501,583,243,268,37,690,368,950,688,200,465
3751,925,16,508,246,673,313,443,111,177,368,880,619,685,325,121
5001,878,475,692,218,873,812,739,609,833,381,509,101,299,473,779,940,721,723,636,768
6251,545,78,955,343,682,786,605,668,249,407,776,309,354,129,944,882,728,821,917,316,244,474,900,235,28
7501,254,41,5,920,524,462,116,213,651,527,962,628,121,747,699,224,123,898,422,859,709,256,452,395,392,505,975,132,161,83
8751,618,3,882,721,113,640,603,188,295,829,985,683,803,489,215,654,799,837,56,181,449,433,186,713,890,500,179,485,210,778,444,974,356,264,54
10001,382,393,419,820,65,632,936,219,145,917,195,984,514,344,540,176,5,741,18,20,414,87,438,544,619,338,306,597,517,367,207,516,199,61,937,119,637,92,140,796
11251,492,903,929,287,802,100,476,323,481,301,723,157,554,288,877,141,21,368,661,451,589,75,981,819,143,801,740,278,338,468,33,271,219,295,427,770,616,212,874,447,19,245,913,207,973
12501,908,151,154,559,480,594,329,565,155,136,535,574,269,483,186,341,385,976,216,831,173,653,214,489,16,377,699,323,171,627,870,109,376,854,638,41,964,175,368,674,149,794,868,748,289,138,931,371,36,821
13751,764,975,627,120,410,582,966,572,87,11,591,16,824,837,973,729,162,337,148,735,973,524,513,357,408,998,489,452,510,120,236,174,432,698,173,35,56,241,764,70,574,118,777,422,65,393,254,232,963,658,543,404,239,261,66
15001,810,109,140,294,61,191,836,776,873,170,319,952,216,51,836,130,366,312,391,895,97,38,61,847,290,675,576,967,710,804,722,33,480,344,254,945,22,96,972,170,430,418,753,601,588,163,355,680,314,994,360,676,887,229,922,916,465,947,763,823
16251,786,310,582,730,758,233,365,104,516,344,136,988,692,161,820,991,806,119,773,88,207,111,491,493,983,683,780,806,564,30,272,641,436,358,415,27,126,895,304,578,745,75,60,811,844,893,615,930,423,930,372,868,925,566,616,253,508,322,471,237,475,343,594,331,432
17501,342,161,384,866,927,182,801,694,515,960,388,180,552,842,727,912,426,372,344,553,5,454,84,80,732,258,595,331,49,538,196,965,857,241,947,834,635,169,971,949,507,349,340,542,666,719,485,631,884,587,13,631,675,274,554,845,585,894,200,631,986,920,851,937,658,85,143,472,844,751
18751,601,924,351,672,92,165,986,624,67,12,907,347,453,885,854,480,26,521,702,114,193,34,943,701,288,193,107,84,288,73,467,175,841,467,589,815,85,265,772,378,408,606,140,859,701,937,171,573,866,280,212,796,440,965,652,205,374,113,377,889,311,324,857,746,879,434,524,352,333,575,485,260,869,605,337
20001,598,38,385,754,511,109,796,714,524,262,473,807,288,356,534,472,646,84,520,500,415,394,271,925,299,454,606,770,937,6,476,131,227,284,551,205,375,305,820,852,124,272,620,161,330,947,525,466,902,704,666,340,472,139,890,536,663,82,343,252,157,926,88,937,542,432,356,323,146,354,635,229,136,490,205,703,28,454,392,550
21251,929,193,44,403,844,16,363,519,945,205,814,767,450,808,673,579,12,330,29,438,974,37,579,724,972,769,472,636,524,505,261,201,846,992,36,643,441,508,168,689,43,143,448,745,634,902,482,497,90,6,211,819,566,388,475,832,657,135,679,381,722,939,309,116,829,686,60,548,35,383,728,608,365,181,247,830,779,669,484,27,163,173,518,526,45
22501,553,891,726,842,900,743,170,142,474,425,959,79,187,277,13,794,1,526,929,795,258,482,393,284,117,657,218,330,19,382,771,43,311,411,975,520,644,2,467,375,510,815,483,638,419,809,122,176,604,599,448,544,767,63,200,577,332,69,241,214,621,930,8,619,971,125,646,752,312,181,308,163,489,576,476,981,182,733,911,339,677,729,22,854,287,613,447,847,999,347
23751,736,165,70,344,522,6,286,7,140,329,371,664,120,837,894,753,180,604,56,292,39,488,284,37,300,960,898,231,420,994,494,332,402,328,195,603,474,8,618,192,433,624,857,265,212,984,588,681,678,711,267,395,357,807,477,320,630,606,601,89,84,903,213,46,966,681,545,445,108,450,653,734,552,25,869,321,452,866,82,521,783,275,377,6,176,941,41,41,246,714,510,963,6,831,920
25001,227,467,949,760,908,963,588,579,665,730,85,245,153,834,159,178,154,75,168,189,200,472,691,926,903,840,823,79,245,386,244,848,560,495,403,277,136,245,67,946,827,212,373,772,289,300,357,801,605,534,999,197,320,31,733,660,436,948,83,556,989,447,256,43,230,380,226,834,738,363,513,334,922,287,520,848,330,213,577,723,933,129,897,224,458,554,152,112,738,115,957,569,449,636,120,239,751,445,77,817
70,30,31,32,33,34
540,110,111,112,113,114,115,116,117,118,119
1785,240,241,242,243,244,245,246,247,248,249,250,251,252,253,254
4180,420,421,422,423,424,425,426,427,428,429,430,431,432,433,434,435,436,437,438,439
8100,650,651,652,653,654,655,656,657,658,659,660,661,662,663,664,665,666,667,668,669,670,671,672,673,674
13920,930,931,932,933,934,935,936,937,938,939,940,941,942,943,944,945,946,947,948,949,950,951,952,953,954,955,956,957,958,959
22015,1260,1261,1262,1263,1264,1265,1266,1267,1268,1269,1270,1271,1272,1273,1274,1275,1276,1277,1278,1279,1280,1281,1282,1283,1284,1285,1286,1287,1288,1289,1290,1291,1292,1293,1294
32760,1640,1641,1642,1643,1644,1645,1646,1647,1648,1649,1650,1651,1652,1653,1654,1655,1656,1657,1658,1659,1660,1661,1662,1663,1664,1665,1666,1667,1668,1669,1670,1671,1672,1673,1674,1675,1676,1677,1678,1679
46530,2070,2071,2072,2073,2074,2075,2076,2077,2078,2079,2080,2081,2082,2083,2084,2085,2086,2087,2088,2089,2090,2091,2092,2093,2094,2095,2096,2097,2098,2099,2100,2101,2102,2103,2104,2105,2106,2107,2108,2109,2110,2111,2112,2113,2114
63700,2550,2551,2552,2553,2554,2555,2556,2557,2558,2559,2560,2561,2562,2563,2564,2565,2566,2567,2568,2569,2570,2571,2572,2573,2574,2575,2576,2577,2578,2579,2580,2581,2582,2583,2584,2585,2586,2587,2588,2589,2590,2591,2592,2593,2594,2595,2596,2597,2598,2599
84645,3080,3081,3082,3083,3084,3085,3086,3087,3088,3089,3090,3091,3092,3093,3094,3095,3096,3097,3098,3099,3100,3101,3102,3103,3104,3105,3106,3107,3108,3109,3110,3111,3112,3113,3114,3115,3116,3117,3118,3119,3120,3121,3122,3123,3124,3125,3126,3127,3128,3129,3130,3131,3132,3133,3134
109740,3660,3661,3662,3663,3664,3665,3666,3667,3668,3669,3670,3671,3672,3673,3674,3675,3676,3677,3678,3679,3680,3681,3682,3683,3684,3685,3686,3687,3688,3689,3690,3691,3692,3693,3694,3695,3696,3697,3698,3699,3700,3701,3702,3703,3704,3705,3706,3707,3708,3709,3710,3711,3712,3713,3714,3715,3716,3717,3718,3719
139360,4290,4291,4292,4293,4294,4295,4296,4297,4298,4299,4300,4301,4302,4303,4304,4305,4306,4307,4308,4309,4310,4311,4312,4313,4314,4315,4316,4317,4318,4319,4320,4321,4322,4323,4324,4325,4326,4327,4328,4329,4330,4331,4332,4333,4334,4335,4336,4337,4338,4339,4340,4341,4342,4343,4344,4345,4346,4347,4348,4349,4350,4351,4352,4353,4354
173880,4970,4971,4972,4973,4974,4975,4976,4977,4978,4979,4980,4981,4982,4983,4984,4985,4986,4987,4988,4989,4990,4991,4992,4993,4994,4995,4996,4997,4998,4999,5000,5001,5002,5003,5004,5005,5006,5007,5008,5009,5010,5011,5012,5013,5014,5015,5016,5017,5018,5019,5020,5021,5022,5023,5024,5025,5026,5027,5028,5029,5030,5031,5032,5033,5034,5035,5036,5037,5038,5039
213675,5700,5701,5702,5703,5704,5705,5706,5707,5708,5709,5710,5711,5712,5713,5714,5715,5716,5717,5718,5719,5720,5721,5722,5723,5724,5725,5726,5727,5728,5729,5730,5731,5732,5733,5734,5735,5736,5737,5738,5739,5740,5741,5742,5743,5744,5745,5746,5747,5748,5749,5750,5751,5752,5753,5754,5755,5756,5757,5758,5759,5760,5761,5762,5763,5764,5765,5766,5767,5768,5769,5770,5771,5772,5773,5774
259120,6480,6481,6482,6483,6484,6485,6486,6487,6488,6489,6490,6491,6492,6493,6494,6495,6496,6497,6498,6499,6500,6501,6502,6503,6504,6505,6506,6507,6508,6509,6510,6511,6512,6513,6514,6515,6516,6517,6518,6519,6520,6521,6522,6523,6524,6525,6526,6527,6528,6529,6530,6531,6532,6533,6534,6535,6536,6537,6538,6539,6540,6541,6542,6543,6544,6545,6546,6547,6548,6549,6550,6551,6552,6553,6554,6555,6556,6557,6558,6559
310590,7310,7311,7312,7313,7314,7315,7316,7317,7318,7319,7320,7321,7322,7323,7324,7325,7326,7327,7328,7329,7330,7331,7332,7333,7334,7335,7336,7337,7338,7339,7340,7341,7342,7343,7344,7345,7346,7347,7348,7349,7350,7351,7352,7353,7354,7355,7356,7357,7358,7359,7360,7361,7362,7363,7364,7365,7366,7367,7368,7369,7370,7371,7372,7373,7374,7375,7376,7377,7378,7379,7380,7381,7382,7383,7384,7385,7386,7387,7388,7389,7390,7391,7392,7393,7394
368460,8190,8191,8192,8193,8194,8195,8196,8197,8198,8199,8200,8201,8202,8203,8204,8205,8206,8207,8208,8209,8210,8211,8212,8213,8214,8215,8216,8217,8218,8219,8220,8221,8222,8223,8224,8225,8226,8227,8228,8229,8230,8231,8232,8233,8234,8235,8236,8237,8238,8239,8240,8241,8242,8243,8244,8245,8246,8247,8248,8249,8250,8251,8252,8253,8254,8255,8256,8257,8258,8259,8260,8261,8262,8263,8264,8265,8266,8267,8268,8269,8270,8271,8272,8273,8274,8275,8276,8277,8278,8279
433105,9120,9121,9122,9123,9124,9125,9126,9127,9128,9129,9130,9131,9132,9133,9134,9135,9136,9137,9138,9139,9140,9141,9142,9143,9144,9145,9146,9147,9148,9149,9150,9151,9152,9153,9154,9155,9156,9157,9158,9159,9160,9161,9162,9163,9164,9165,9166,9167,9168,9169,9170,9171,9172,9173,9174,9175,9176,9177,9178,9179,9180,9181,9182,9183,9184,9185,9186,9187,9188,9189,9190,9191,9192,9193,9194,9195,9196,9197,9198,9199,9200,9201,9202,9203,9204,9205,9206,9207,9208,9209,9210,9211,9212,9213,9214
504900,10100,10101,10102,10103,10104,10105,10106,10107,10108,10109,10110,10111,10112,10113,10114,10115,10116,10117,10118,10119,10120,10121,10122,10123,10124,10125,10126,10127,10128,10129,10130,10131,10132,10133,10134,10135,10136,10137,10138,10139,10140,10141,10142,10143,10144,10145,10146,10147,10148,10149,10150,10151,10152,10153,10154,10155,10156,10157,10158,10159,10160,10161,10162,10163,10164,10165,10166,10167,10168,10169,10170,10171,10172,10173,10174,10175,10176,10177,10178,10179,10180,10181,10182,10183,10184,10185,10186,10187,10188,10189,10190,10191,10192,10193,10194,10195,10196,10197,10198,10199
880,326,331,341,361,401
2496,775,781,793,817,865,961
6720,1800,1807,1821,1849,1905,2017,2241
17408,4105,4113,4129,4161,4225,4353,4609,5121
43776,9226,9235,9253,9289,9361,9505,9793,10369,11521
107520,20491,20501,20521,20561,20641,20801,21121,21761,23041,25601
259072,45068,45079,45101,45145,45233,45409,45761,46465,47873,50689,56321
614400,98317,98329,98353,98401,98497,98689,99073,99841,101377,104449,110593,122881
1437696,213006,213019,213045,213097,213201,213409,213825,214657,216321,219649,226305,239617,266241
3325952,458767,458781,458809,458865,458977,459201,459649,460545,462337,465921,473089,487425,516097,573441
7618560,983056,983071,983101,983161,983281,983521,984001,984961,986881,990721,998401,1013761,1044481,1105921,1228801
17301504,2097169,2097185,2097217,2097281,2097409,2097665,2098177,2099201,2101249,2105345,2113537,2129921,2162689,2228225,2359297,2621441
38993920,4456466,4456483,4456517,4456585,4456721,4456993,4457537,4458625,4460801,4465153,4473857,4491265,4526081,4595713,4734977,5013505,5570561
87293952,9437203,9437221,9437257,9437329,9437473,9437761,9438337,9439489,9441793,9446401,9455617,9474049,9510913,9584641,9732097,10027009,10616833,11796481
194248704,19922964,19922983,19923021,19923097,19923249,19923553,19924161,19925377,19927809,19932673,19942401,19961857,20000769,20078593,20234241,20545537,21168129,22413313,24903681
429916160,41943061,41943081,41943121,41943201,41943361,41943681,41944321,41945601,41948161,41953281,41963521,41984001,42024961,42106881,42270721,42598401,43253761,44564481,47185921,52428801
946864128,88080406,88080427,88080469,88080553,88080721,88081057,88081729,88083073,88085761,88091137,88101889,88123393,88166401,88252417,88424449,88768513,89456641,90832897,93585409,99090433,110100481
2076180480,184549399,184549421,184549465,184549553,184549729,184550081,184550785,184552193,184555009,184560641,184571905,184594433,184639489,184729601,184909825,185270273,185991169,187432961,190316545,196083713,207618049,230686721
4534042624,385875992,385876015,385876061,385876153,385876337,385876705,385877441,385878913,385881857,385887745,385899521,385923073,385970177,386064385,386252801,386629633,387383297,388890625,391905281,397934593,409993217,434110465,482344961
9865003008,805306393,805306417,805306465,805306561,805306753,805307137,805307905,805309441,805312513,805318657,805330945,805355521,805404673,805502977,805699585,806092801,806879233,808452097,811597825,817889281,830472193,855638017,905969665,1006632961
21390950400,1677721626,1677721651,1677721701,1677721801,1677722001,1677722401,1677723201,1677724801,1677728001,1677734401,1677747201,1677772801,1677824001,1677926401,1678131201,1678540801,1679360001,1680998401,1684275201,1690828801,1703936001,1730150401,1782579201,1887436801,2097152001
